---
images/banner-med.jpg: 2015-07-11 20:50:18.000000000 -04:00
images/logo-img.jpg: 2015-07-11 20:50:18.000000000 -04:00
images/banner-large.jpg: 2015-07-11 20:50:18.000000000 -04:00
images/Author-Tristan-Tarwater.jpg: 2015-07-05 16:55:36.000000000 -04:00
images/banner-xl2.jpg: 2015-07-11 20:50:18.000000000 -04:00
images/banner-small.jpg: 2015-07-11 20:50:18.000000000 -04:00
images/Artist-Adrian-Ricker.jpg: 2015-07-05 16:55:36.000000000 -04:00
images/banner-xl.jpg: 2015-07-11 20:50:18.000000000 -04:00
images/comics/temp-comic-page-5.jpg: 2015-07-05 16:55:36.000000000 -04:00
images/comics/temp-comic-page-4.jpg: 2015-07-05 16:55:36.000000000 -04:00
images/comics/temp-comic-page-1.jpg: 2015-07-11 20:50:18.000000000 -04:00
images/comics/small/temp-comic-page-5.jpg: 2015-07-05 16:55:36.000000000 -04:00
images/comics/small/temp-comic-page-4.jpg: 2015-07-05 16:55:36.000000000 -04:00
images/comics/small/temp-comic-page-1.jpg: 2015-07-11 20:50:18.000000000 -04:00
images/comics/small/temp-comic-page-3.jpg: 2015-07-05 16:55:36.000000000 -04:00
images/comics/small/temp-comic-page-2.jpg: 2015-07-05 16:55:36.000000000 -04:00
images/comics/temp-comic-page-3.jpg: 2015-07-05 16:55:36.000000000 -04:00
images/comics/thumbs/temp-comic-page-5.jpg: 2015-07-05 16:55:36.000000000 -04:00
images/comics/thumbs/temp-comic-page-4.jpg: 2015-07-05 16:55:36.000000000 -04:00
images/comics/thumbs/temp-comic-page-1.jpg: 2015-07-11 20:50:18.000000000 -04:00
images/comics/thumbs/temp-comic-page-3.jpg: 2015-07-05 16:55:36.000000000 -04:00
images/comics/thumbs/temp-comic-page-2.jpg: 2015-07-05 16:55:36.000000000 -04:00
images/comics/temp-comic-page-2.jpg: 2015-07-05 16:55:36.000000000 -04:00
images/characters/Shamsee-Bio.jpg: 2015-07-11 20:50:18.000000000 -04:00
images/characters/Blighter-Bio.jpg: 2015-07-11 20:50:18.000000000 -04:00
images/characters/Gia-Bio.jpg: 2015-07-11 20:50:18.000000000 -04:00
images/glaikery.png: 2015-07-11 20:50:18.000000000 -04:00
images/Screen Shot 2015-07-07 at 7.12.31 PM.png: 2015-07-07 19:13:42.000000000 -04:00
images/idiopathicsmile.png: 2015-07-12 11:51:48.000000000 -04:00
images/comics/a-fistful-of-lunars-page-2.jpg: 2015-07-05 16:55:36.000000000 -04:00
images/comics/a-fistful-of-lunars-page-3.jpg: 2015-07-05 16:55:36.000000000 -04:00
images/comics/a-fistful-of-lunars-page-4.jpg: 2015-07-05 16:55:36.000000000 -04:00
images/comics/a-fistful-of-lunars-page-5.jpg: 2015-07-05 16:55:36.000000000 -04:00
images/comics/small/a-fistful-of-lunars-page-1.jpg: 2015-07-05 16:55:36.000000000
  -04:00
images/comics/small/a-fistful-of-lunars-page-2.jpg: 2015-07-05 16:55:36.000000000
  -04:00
images/comics/small/a-fistful-of-lunars-page-3.jpg: 2015-07-05 16:55:36.000000000
  -04:00
images/comics/small/a-fistful-of-lunars-page-4.jpg: 2015-07-05 16:55:36.000000000
  -04:00
images/comics/small/a-fistful-of-lunars-page-5.jpg: 2015-07-05 16:55:36.000000000
  -04:00
images/comics/thumbs/a-fistful-of-lunars-page-1.jpg: 2015-07-05 16:55:36.000000000
  -04:00
images/comics/thumbs/a-fistful-of-lunars-page-2.jpg: 2015-07-05 16:55:36.000000000
  -04:00
images/comics/thumbs/a-fistful-of-lunars-page-3.jpg: 2015-07-05 16:55:36.000000000
  -04:00
images/comics/thumbs/a-fistful-of-lunars-page-4.jpg: 2015-07-05 16:55:36.000000000
  -04:00
images/comics/thumbs/a-fistful-of-lunars-page-5.jpg: 2015-07-05 16:55:36.000000000
  -04:00
images/idiopathicsmile2.png: 2015-07-11 20:50:18.000000000 -04:00
