---
images/banner-med.jpg: 2015-07-11 14:23:03.000000000 -04:00
images/logo-img.jpg: 2015-07-11 14:25:50.000000000 -04:00
images/banner-large.jpg: 2015-07-11 14:22:24.000000000 -04:00
images/Author-Tristan-Tarwater.jpg: 2015-07-05 16:55:36.000000000 -04:00
images/banner-xl2.jpg: 2015-07-11 14:25:13.000000000 -04:00
images/banner-small.jpg: 2015-07-11 14:23:41.000000000 -04:00
images/Artist-Adrian-Ricker.jpg: 2015-07-05 16:55:36.000000000 -04:00
images/banner-xl.jpg: 2015-07-11 14:24:34.000000000 -04:00
images/comics/temp-comic-page-5.jpg: 2015-07-05 16:55:36.000000000 -04:00
images/comics/temp-comic-page-4.jpg: 2015-07-05 16:55:36.000000000 -04:00
images/comics/temp-comic-page-1.jpg: 2015-07-11 14:13:14.000000000 -04:00
images/comics/small/temp-comic-page-5.jpg: 2015-07-05 16:55:36.000000000 -04:00
images/comics/small/temp-comic-page-4.jpg: 2015-07-05 16:55:36.000000000 -04:00
images/comics/small/temp-comic-page-1.jpg: 2015-07-11 14:13:16.000000000 -04:00
images/comics/small/temp-comic-page-3.jpg: 2015-07-05 16:55:36.000000000 -04:00
images/comics/small/temp-comic-page-2.jpg: 2015-07-05 16:55:36.000000000 -04:00
images/comics/temp-comic-page-3.jpg: 2015-07-05 16:55:36.000000000 -04:00
images/comics/thumbs/temp-comic-page-5.jpg: 2015-07-05 16:55:36.000000000 -04:00
images/comics/thumbs/temp-comic-page-4.jpg: 2015-07-05 16:55:36.000000000 -04:00
images/comics/thumbs/temp-comic-page-1.jpg: 2015-07-11 14:13:16.000000000 -04:00
images/comics/thumbs/temp-comic-page-3.jpg: 2015-07-05 16:55:36.000000000 -04:00
images/comics/thumbs/temp-comic-page-2.jpg: 2015-07-05 16:55:36.000000000 -04:00
images/comics/temp-comic-page-2.jpg: 2015-07-05 16:55:36.000000000 -04:00
images/characters/Shamsee-Bio.jpg: 2015-07-11 14:19:38.000000000 -04:00
images/characters/Blighter-Bio.jpg: 2015-07-11 14:18:38.000000000 -04:00
images/characters/Gia-Bio.jpg: 2015-07-11 14:19:08.000000000 -04:00
images/glaikery.png: 2015-07-07 19:11:22.000000000 -04:00
images/Screen Shot 2015-07-07 at 7.12.31 PM.png: 2015-07-07 19:13:42.000000000 -04:00
images/idiopathicsmile.png: 2015-07-07 19:14:54.000000000 -04:00
images/comics/a-fistful-of-lunars-page-2.jpg: 2015-07-05 16:55:36.000000000 -04:00
images/comics/a-fistful-of-lunars-page-3.jpg: 2015-07-05 16:55:36.000000000 -04:00
images/comics/a-fistful-of-lunars-page-4.jpg: 2015-07-05 16:55:36.000000000 -04:00
images/comics/a-fistful-of-lunars-page-5.jpg: 2015-07-05 16:55:36.000000000 -04:00
images/comics/small/a-fistful-of-lunars-page-1.jpg: 2015-07-05 16:55:36.000000000
  -04:00
images/comics/small/a-fistful-of-lunars-page-2.jpg: 2015-07-05 16:55:36.000000000
  -04:00
images/comics/small/a-fistful-of-lunars-page-3.jpg: 2015-07-05 16:55:36.000000000
  -04:00
images/comics/small/a-fistful-of-lunars-page-4.jpg: 2015-07-05 16:55:36.000000000
  -04:00
images/comics/small/a-fistful-of-lunars-page-5.jpg: 2015-07-05 16:55:36.000000000
  -04:00
images/comics/thumbs/a-fistful-of-lunars-page-1.jpg: 2015-07-05 16:55:36.000000000
  -04:00
images/comics/thumbs/a-fistful-of-lunars-page-2.jpg: 2015-07-05 16:55:36.000000000
  -04:00
images/comics/thumbs/a-fistful-of-lunars-page-3.jpg: 2015-07-05 16:55:36.000000000
  -04:00
images/comics/thumbs/a-fistful-of-lunars-page-4.jpg: 2015-07-05 16:55:36.000000000
  -04:00
images/comics/thumbs/a-fistful-of-lunars-page-5.jpg: 2015-07-05 16:55:36.000000000
  -04:00
